Tool1; Square1
Square0.000101
x; z;
0.030736; 0.238852
0.030736; 0.238852
0.028574; 0.238274
0.025203; 0.237839
0.021499; 0.237152
0.020211; 0.235374
0.020029; 0.235515
0.020723; 0.236410
0.021631; 0.239291
0.021839; 0.242279
0.021943; 0.244259
0.022068; 0.246642
0.022130; 0.247833
0.022362; 0.249015
0.023407; 0.249973
0.024148; 0.250115
0.026033; 0.250115
0.027917; 0.250115
0.029303; 0.249557
0.029917; 0.248212
0.030068; 0.246481
0.030305; 0.243767
0.030619; 0.240184
0.030619; 0.240184
Tool1; Square0
Square0.000000
x; z;
0.020211; 0.235374
0.020211; 0.235374
0.017780; 0.232731
0.014626; 0.231240
0.014622; 0.231261
0.014749; 0.231283
0.018262; 0.233234
0.018262; 0.233234
Tool2; Square0
Square- 0.000545
x; z;
0.000000; 0.125388
0.000000; 0.125388
0.006799; 0.125390
0.010425; 0.125390
0.014058; 0.125384
0.017751; 0.125577
0.019107; 0.126368
0.019237; 0.126262
0.018831; 0.125767
0.018460; 0.122690
0.018306; 0.118268
0.018173; 0.114460
0.018040; 0.110652
0.017922; 0.107272
0.017803; 0.103891
0.017686; 0.100511
0.017626; 0.098821
0.017567; 0.097130
0.017227; 0.096082
0.016382; 0.095373
0.015307; 0.095200
0.013695; 0.095200
0.012083; 0.095200
0.007988; 0.095200
0.003892; 0.095200
0.000000; 0.095200
0.000000; 0.095200
