Tool1; Square1
Square0.000073
x; z;
0.030769; 0.218349
0.030769; 0.218349
0.029992; 0.222308
0.027891; 0.221426
0.024807; 0.220441
0.021640; 0.218915
0.021579; 0.218934
0.021631; 0.219099
0.021839; 0.222087
0.021943; 0.224068
0.022068; 0.226450
0.022130; 0.227641
0.022362; 0.228823
0.023407; 0.229781
0.024148; 0.229924
0.026033; 0.229924
0.027917; 0.229924
0.029303; 0.229366
0.029917; 0.228020
0.030068; 0.226289
0.030305; 0.223575
0.030619; 0.219992
0.030619; 0.219992
Tool1; Square0
Square0.000000
x; z;
0.021640; 0.218915
0.021640; 0.218915
0.021008; 0.216603
0.018706; 0.213405
0.018604; 0.213484
0.020723; 0.216218
0.020723; 0.216218
Tool2; Square0
Square- 0.000463
x; z;
0.000000; 0.120898
0.000000; 0.120898
0.006803; 0.120901
0.010445; 0.120912
0.014121; 0.120989
0.016027; 0.121143
0.017986; 0.121823
0.018452; 0.123405
0.018545; 0.123394
0.018460; 0.122690
0.018306; 0.118268
0.018173; 0.114460
0.018040; 0.110652
0.017922; 0.107272
0.017803; 0.103891
0.017686; 0.100511
0.017626; 0.098821
0.017567; 0.097130
0.017227; 0.096082
0.016382; 0.095373
0.015307; 0.095200
0.013695; 0.095200
0.012083; 0.095200
0.007988; 0.095200
0.003892; 0.095200
0.000000; 0.095200
0.000000; 0.095200
