Tool1; Square1
Square0.000045
x; z;
0.030474; 0.204123
0.030474; 0.204123
0.030051; 0.206112
0.029651; 0.208148
0.027485; 0.207177
0.025940; 0.206695
0.024456; 0.206055
0.022979; 0.205182
0.021830; 0.203871
0.021792; 0.203874
0.021839; 0.204559
0.021943; 0.206540
0.022068; 0.208922
0.022130; 0.210113
0.022362; 0.211295
0.023407; 0.212253
0.024148; 0.212396
0.026033; 0.212396
0.027917; 0.212396
0.029303; 0.211838
0.029917; 0.210492
0.030068; 0.208761
0.030305; 0.206047
0.030305; 0.206047
Tool1; Square0
Square0.000000
x; z;
0.021830; 0.203871
0.021830; 0.203871
0.021601; 0.200971
0.020831; 0.198887
0.020789; 0.198900
0.021631; 0.201571
0.021631; 0.201571
Tool2; Square0
Square- 0.000422
x; z;
0.000000; 0.118669
0.000000; 0.118669
0.006803; 0.118668
0.010448; 0.118664
0.014189; 0.118810
0.016108; 0.119037
0.018067; 0.119814
0.018418; 0.121488
0.018418; 0.121488
0.018306; 0.118268
0.018173; 0.114460
0.018040; 0.110652
0.017922; 0.107272
0.017803; 0.103891
0.017686; 0.100511
0.017626; 0.098821
0.017567; 0.097130
0.017227; 0.096082
0.016382; 0.095373
0.015307; 0.095200
0.013695; 0.095200
0.012083; 0.095200
0.007988; 0.095200
0.003892; 0.095200
0.000000; 0.095200
0.000000; 0.095200
