Tool1; Square2
Square0.000000
x; z;
0.030932; 0.198651
0.030932; 0.198651
0.030611; 0.200785
0.030457; 0.202918
0.030457; 0.202918
0.030619; 0.201067
0.030619; 0.201067
Tool1; Square3
Square0.000043
x; z;
0.030457; 0.202918
0.030457; 0.202918
0.030041; 0.204910
0.029643; 0.206952
0.027471; 0.205982
0.025925; 0.205503
0.024440; 0.204864
0.022963; 0.203993
0.021828; 0.202667
0.021805; 0.202669
0.021839; 0.203162
0.021943; 0.205142
0.022068; 0.207524
0.022130; 0.208715
0.022362; 0.209898
0.023407; 0.210856
0.024148; 0.210998
0.026033; 0.210998
0.027917; 0.210998
0.029303; 0.210440
0.029917; 0.209094
0.030068; 0.207364
0.030305; 0.204650
0.030305; 0.204650
Tool1; Square0
Square0.000000
x; z;
0.021828; 0.202667
0.021828; 0.202667
0.021582; 0.199747
0.020884; 0.197613
0.020830; 0.197630
0.021631; 0.200173
0.021631; 0.200173
Tool2; Square0
Square- 0.000420
x; z;
0.000000; 0.118575
0.000000; 0.118575
0.006803; 0.118574
0.010448; 0.118569
0.014190; 0.118717
0.016110; 0.118947
0.018071; 0.119727
0.018415; 0.121405
0.018415; 0.121405
0.018306; 0.118268
0.018173; 0.114460
0.018040; 0.110652
0.017922; 0.107272
0.017803; 0.103891
0.017686; 0.100511
0.017626; 0.098821
0.017567; 0.097130
0.017227; 0.096082
0.016382; 0.095373
0.015307; 0.095200
0.013695; 0.095200
0.012083; 0.095200
0.007988; 0.095200
0.003892; 0.095200
0.000000; 0.095200
0.000000; 0.095200
