Tool1; Square3
Square0.000000
x; z;
0.030895; 0.197472
0.030895; 0.197472
0.030583; 0.199613
0.030440; 0.201747
0.030440; 0.201747
0.030619; 0.199704
0.030619; 0.199704
Tool1; Square0
Square0.000042
x; z;
0.030440; 0.201747
0.030440; 0.201747
0.030030; 0.203742
0.029641; 0.205784
0.027465; 0.204824
0.025917; 0.204350
0.024430; 0.203717
0.022952; 0.202854
0.021828; 0.201516
0.021820; 0.201517
0.021839; 0.201800
0.021943; 0.203780
0.022068; 0.206162
0.022130; 0.207353
0.022362; 0.208535
0.023407; 0.209494
0.024148; 0.209636
0.026033; 0.209636
0.027917; 0.209636
0.029303; 0.209078
0.029917; 0.207732
0.030068; 0.206002
0.030305; 0.203287
0.030305; 0.203287
Tool2; Square0
Square- 0.000419
x; z;
0.000000; 0.118478
0.000000; 0.118478
0.006803; 0.118478
0.010448; 0.118473
0.014192; 0.118623
0.016112; 0.118855
0.018071; 0.119639
0.018412; 0.121318
0.018412; 0.121318
0.018306; 0.118268
0.018173; 0.114460
0.018040; 0.110652
0.017922; 0.107272
0.017803; 0.103891
0.017686; 0.100511
0.017626; 0.098821
0.017567; 0.097130
0.017227; 0.096082
0.016382; 0.095373
0.015307; 0.095200
0.013695; 0.095200
0.012083; 0.095200
0.007988; 0.095200
0.003892; 0.095200
0.000000; 0.095200
0.000000; 0.095200
