Tool1; Square2
Square0.000000
x; z;
0.030844; 0.195873
0.030844; 0.195873
0.030556; 0.198026
0.030418; 0.200163
0.030417; 0.200163
0.030619; 0.197862
0.030619; 0.197862
Tool1; Square0
Square0.000039
x; z;
0.030418; 0.200163
0.030418; 0.200163
0.030021; 0.202162
0.029638; 0.204213
0.027453; 0.203260
0.025903; 0.202794
0.024412; 0.202166
0.022933; 0.201307
0.021839; 0.199953
0.021839; 0.199953
0.021839; 0.199958
0.021943; 0.201938
0.022068; 0.204320
0.022130; 0.205511
0.022362; 0.206693
0.023407; 0.207652
0.024148; 0.207794
0.026033; 0.207794
0.027917; 0.207794
0.029303; 0.207236
0.029917; 0.205890
0.030068; 0.204160
0.030305; 0.201445
0.030305; 0.201445
Tool2; Square1
Square- 0.000416
x; z;
0.000000; 0.118326
0.000000; 0.118326
0.006803; 0.118325
0.010448; 0.118319
0.014194; 0.118472
0.016115; 0.118708
0.018076; 0.119497
0.018407; 0.121182
0.018407; 0.121182
0.018306; 0.118268
0.018173; 0.114460
0.018040; 0.110652
0.017922; 0.107272
0.017803; 0.103891
0.017686; 0.100511
0.017626; 0.098821
0.017567; 0.097130
0.017227; 0.096082
0.016382; 0.095373
0.015307; 0.095200
0.013695; 0.095200
0.012083; 0.095200
0.007988; 0.095200
0.003892; 0.095200
0.000000; 0.095200
0.000000; 0.095200
Tool2; Square0
Square- 0.000001
x; z;
0.036074; 0.133893
0.036074; 0.133893
0.035166; 0.134707
0.036098; 0.135929
0.036204; 0.136704
0.036215; 0.136703
0.036149; 0.135673
0.036149; 0.135673
