Tool1; Square2
Square0.000000
x; z;
0.030841; 0.195561
0.030841; 0.195561
0.030549; 0.197715
0.030413; 0.199852
0.030413; 0.199852
0.030619; 0.197497
0.030619; 0.197497
Tool1; Square0
Square0.000039
x; z;
0.030413; 0.199852
0.030413; 0.199852
0.030018; 0.201852
0.029637; 0.203903
0.027451; 0.202952
0.025900; 0.202487
0.024409; 0.201861
0.022930; 0.201002
0.021842; 0.199644
0.021842; 0.199644
0.021943; 0.201573
0.022068; 0.203955
0.022130; 0.205146
0.022362; 0.206328
0.023407; 0.207286
0.024148; 0.207429
0.026033; 0.207429
0.027917; 0.207429
0.029303; 0.206871
0.029917; 0.205525
0.030068; 0.203794
0.030305; 0.201080
0.030305; 0.201080
Tool2; Square2
Square- 0.000415
x; z;
0.000000; 0.118293
0.000000; 0.118293
0.006803; 0.118293
0.010448; 0.118287
0.014195; 0.118440
0.016116; 0.118677
0.018076; 0.119467
0.018406; 0.121152
0.018406; 0.121152
0.018306; 0.118268
0.018173; 0.114460
0.018040; 0.110652
0.017922; 0.107272
0.017803; 0.103891
0.017686; 0.100511
0.017626; 0.098821
0.017567; 0.097130
0.017227; 0.096082
0.016382; 0.095373
0.015307; 0.095200
0.013695; 0.095200
0.012083; 0.095200
0.007988; 0.095200
0.003892; 0.095200
0.000000; 0.095200
0.000000; 0.095200
Tool2; Square0
Square- 0.000001
x; z;
0.036074; 0.133893
0.036074; 0.133893
0.035172; 0.134708
0.036153; 0.135848
0.036160; 0.135848
0.036149; 0.135673
0.036149; 0.135673
