Tool1; Square2
Square0.000000
x; z;
0.030827; 0.195166
0.030827; 0.195166
0.030540; 0.197322
0.030406; 0.199460
0.030406; 0.199460
0.030619; 0.197031
0.030619; 0.197031
Tool1; Square0
Square0.000038
x; z;
0.030406; 0.199460
0.030406; 0.199460
0.030014; 0.201462
0.029637; 0.203513
0.027450; 0.202564
0.025899; 0.202101
0.024407; 0.201477
0.022927; 0.200620
0.021846; 0.199256
0.021846; 0.199256
0.021943; 0.201107
0.022068; 0.203489
0.022130; 0.204680
0.022362; 0.205862
0.023407; 0.206820
0.024148; 0.206963
0.026033; 0.206963
0.027917; 0.206963
0.029303; 0.206405
0.029917; 0.205059
0.030068; 0.203328
0.030305; 0.200614
0.030305; 0.200614
Tool2; Square2
Square- 0.000415
x; z;
0.000000; 0.118255
0.000000; 0.118255
0.006803; 0.118255
0.010448; 0.118249
0.014195; 0.118403
0.016116; 0.118641
0.018076; 0.119431
0.018405; 0.121117
0.018405; 0.121117
0.018306; 0.118268
0.018173; 0.114460
0.018040; 0.110652
0.017922; 0.107272
0.017803; 0.103891
0.017686; 0.100511
0.017626; 0.098821
0.017567; 0.097130
0.017227; 0.096082
0.016382; 0.095373
0.015307; 0.095200
0.013695; 0.095200
0.012083; 0.095200
0.007988; 0.095200
0.003892; 0.095200
0.000000; 0.095200
0.000000; 0.095200
Tool2; Square0
Square- 0.000001
x; z;
0.036074; 0.133892
0.036074; 0.133892
0.035170; 0.134708
0.036152; 0.135789
0.036157; 0.135789
0.036149; 0.135673
0.036149; 0.135673
