Tool1; Square2
Square0.000000
x; z;
0.030775; 0.193770
0.030775; 0.193770
0.030514; 0.195935
0.030381; 0.198078
0.030381; 0.198078
0.030619; 0.195358
0.030619; 0.195358
Tool1; Square0
Square0.000035
x; z;
0.030381; 0.198078
0.030381; 0.198078
0.030008; 0.200088
0.029637; 0.202147
0.028556; 0.201638
0.027440; 0.201207
0.025887; 0.200751
0.024391; 0.200134
0.022910; 0.199281
0.021862; 0.197896
0.021863; 0.197896
0.021943; 0.199434
0.022068; 0.201816
0.022130; 0.203007
0.022362; 0.204189
0.023407; 0.205147
0.024148; 0.205290
0.026033; 0.205290
0.027917; 0.205290
0.029303; 0.204732
0.029917; 0.203386
0.030068; 0.201656
0.030305; 0.198941
0.030305; 0.198941
Tool2; Square2
Square- 0.000412
x; z;
0.000000; 0.118124
0.000000; 0.118124
0.006803; 0.118124
0.010448; 0.118117
0.014197; 0.118272
0.016119; 0.118512
0.018081; 0.119308
0.018401; 0.120999
0.018401; 0.120999
0.018306; 0.118268
0.018173; 0.114460
0.018040; 0.110652
0.017922; 0.107272
0.017803; 0.103891
0.017686; 0.100511
0.017626; 0.098821
0.017567; 0.097130
0.017227; 0.096082
0.016382; 0.095373
0.015307; 0.095200
0.013695; 0.095200
0.012083; 0.095200
0.007988; 0.095200
0.003892; 0.095200
0.000000; 0.095200
0.000000; 0.095200
Tool2; Square0
Square- 0.000001
x; z;
0.036075; 0.133898
0.036075; 0.133898
0.035178; 0.134708
0.036150; 0.135737
0.036153; 0.135737
0.036149; 0.135673
0.036149; 0.135673
