Tool1; Square2
Square0.000000
x; z;
0.030773; 0.193677
0.030773; 0.193677
0.030514; 0.195842
0.030379; 0.197986
0.030379; 0.197986
0.030619; 0.195245
0.030619; 0.195245
Tool1; Square0
Square0.000035
x; z;
0.030379; 0.197986
0.030379; 0.197986
0.030008; 0.199996
0.029639; 0.202057
0.028555; 0.201548
0.027440; 0.201117
0.025886; 0.200662
0.024390; 0.200045
0.022908; 0.199192
0.021864; 0.197806
0.021864; 0.197806
0.021943; 0.199320
0.022068; 0.201703
0.022130; 0.202894
0.022362; 0.204076
0.023407; 0.205034
0.024148; 0.205176
0.026033; 0.205176
0.027917; 0.205176
0.029303; 0.204618
0.029917; 0.203273
0.030068; 0.201542
0.030305; 0.198828
0.030305; 0.198828
Tool2; Square2
Square- 0.000412
x; z;
0.000000; 0.118116
0.000000; 0.118116
0.006804; 0.118115
0.010448; 0.118109
0.014197; 0.118264
0.016119; 0.118504
0.018082; 0.119300
0.018401; 0.120992
0.018401; 0.120992
0.018306; 0.118268
0.018173; 0.114460
0.018040; 0.110652
0.017922; 0.107272
0.017803; 0.103891
0.017686; 0.100511
0.017626; 0.098821
0.017567; 0.097130
0.017227; 0.096082
0.016382; 0.095373
0.015307; 0.095200
0.013695; 0.095200
0.012083; 0.095200
0.007988; 0.095200
0.003892; 0.095200
0.000000; 0.095200
0.000000; 0.095200
Tool2; Square0
Square- 0.000001
x; z;
0.036075; 0.133899
0.036075; 0.133899
0.035179; 0.134708
0.036150; 0.135735
0.036153; 0.135735
0.036149; 0.135673
0.036149; 0.135673
