Tool1; Square2
Square0.000000
x; z;
0.030733; 0.192394
0.030733; 0.192394
0.030495; 0.194563
0.030356; 0.196713
0.030356; 0.196713
0.030619; 0.193706
0.030619; 0.193706
Tool1; Square0
Square0.000033
x; z;
0.030356; 0.196713
0.030356; 0.196713
0.030001; 0.198731
0.029820; 0.199765
0.029639; 0.200796
0.028546; 0.200290
0.027429; 0.199863
0.025874; 0.199411
0.024376; 0.198797
0.022894; 0.197946
0.021878; 0.196542
0.021878; 0.196542
0.021943; 0.197782
0.022068; 0.200164
0.022130; 0.201355
0.022362; 0.202537
0.023407; 0.203495
0.024148; 0.203638
0.026033; 0.203638
0.027917; 0.203638
0.029303; 0.203080
0.029917; 0.201734
0.030068; 0.200003
0.030305; 0.197289
0.030305; 0.197289
Tool2; Square2
Square- 0.000410
x; z;
0.000000; 0.118012
0.000000; 0.118012
0.006804; 0.118012
0.010449; 0.118006
0.014198; 0.118162
0.016121; 0.118403
0.018086; 0.119202
0.018397; 0.120899
0.018397; 0.120899
0.018306; 0.118268
0.018173; 0.114460
0.018040; 0.110652
0.017922; 0.107272
0.017803; 0.103891
0.017686; 0.100511
0.017626; 0.098821
0.017567; 0.097130
0.017227; 0.096082
0.016382; 0.095373
0.015307; 0.095200
0.013695; 0.095200
0.012083; 0.095200
0.007988; 0.095200
0.003892; 0.095200
0.000000; 0.095200
0.000000; 0.095200
Tool2; Square0
Square- 0.000001
x; z;
0.036075; 0.133903
0.036075; 0.133903
0.035184; 0.134708
0.036150; 0.135726
0.036153; 0.135726
0.036149; 0.135673
0.036149; 0.135673
