Tool1; Square2
Square0.000000
x; z;
0.030703; 0.191319
0.030703; 0.191319
0.030484; 0.193492
0.030336; 0.195646
0.030335; 0.195646
0.030619; 0.192407
0.030619; 0.192407
Tool1; Square0
Square0.000031
x; z;
0.030336; 0.195646
0.030336; 0.195646
0.029998; 0.197671
0.029818; 0.198705
0.029637; 0.199748
0.028534; 0.199238
0.027417; 0.198814
0.025860; 0.198364
0.024361; 0.197753
0.022877; 0.196901
0.021891; 0.195481
0.021891; 0.195481
0.021943; 0.196483
0.022068; 0.198865
0.022130; 0.200056
0.022362; 0.201238
0.023407; 0.202196
0.024148; 0.202339
0.026033; 0.202339
0.027917; 0.202339
0.029303; 0.201781
0.029917; 0.200435
0.030068; 0.198704
0.030305; 0.195990
0.030305; 0.195990
Tool2; Square2
Square- 0.000408
x; z;
0.000000; 0.117910
0.000000; 0.117910
0.006804; 0.117910
0.010449; 0.117905
0.014198; 0.118061
0.016123; 0.118303
0.018092; 0.119106
0.018394; 0.120809
0.018394; 0.120809
0.018306; 0.118268
0.018173; 0.114460
0.018040; 0.110652
0.017922; 0.107272
0.017803; 0.103891
0.017686; 0.100511
0.017626; 0.098821
0.017567; 0.097130
0.017227; 0.096082
0.016382; 0.095373
0.015307; 0.095200
0.013695; 0.095200
0.012083; 0.095200
0.007988; 0.095200
0.003892; 0.095200
0.000000; 0.095200
0.000000; 0.095200
Tool2; Square0
Square- 0.000001
x; z;
0.036075; 0.133909
0.036075; 0.133909
0.035192; 0.134707
0.036150; 0.135714
0.036152; 0.135714
0.036149; 0.135673
0.036149; 0.135673
