Tool1; Square2
Square0.000000
x; z;
0.030676; 0.190255
0.030676; 0.190255
0.030471; 0.192431
0.030314; 0.194589
0.030314; 0.194589
0.030619; 0.191107
0.030619; 0.191107
Tool1; Square0
Square0.000029
x; z;
0.030314; 0.194589
0.030314; 0.194589
0.029991; 0.196620
0.029812; 0.197654
0.029630; 0.198705
0.028521; 0.198194
0.027403; 0.197771
0.025846; 0.197323
0.024346; 0.196714
0.022862; 0.195860
0.021903; 0.194423
0.021903; 0.194423
0.021943; 0.195183
0.022068; 0.197565
0.022130; 0.198756
0.022362; 0.199938
0.023407; 0.200897
0.024148; 0.201039
0.026033; 0.201039
0.027917; 0.201039
0.029303; 0.200481
0.029917; 0.199135
0.030068; 0.197405
0.030305; 0.194690
0.030305; 0.194690
Tool2; Square2
Square- 0.000406
x; z;
0.000000; 0.117801
0.000000; 0.117801
0.006804; 0.117801
0.010449; 0.117796
0.014199; 0.117953
0.016125; 0.118195
0.018096; 0.119002
0.018391; 0.120710
0.018391; 0.120710
0.018306; 0.118268
0.018173; 0.114460
0.018040; 0.110652
0.017922; 0.107272
0.017803; 0.103891
0.017686; 0.100511
0.017626; 0.098821
0.017567; 0.097130
0.017227; 0.096082
0.016382; 0.095373
0.015307; 0.095200
0.013695; 0.095200
0.012083; 0.095200
0.007988; 0.095200
0.003892; 0.095200
0.000000; 0.095200
0.000000; 0.095200
Tool2; Square0
Square- 0.000001
x; z;
0.036075; 0.133912
0.036075; 0.133912
0.035196; 0.134707
0.036150; 0.135706
0.036151; 0.135706
0.036149; 0.135673
0.036149; 0.135673
