Tool1; Square2
Square0.000000
x; z;
0.030653; 0.189307
0.030653; 0.189307
0.030462; 0.191486
0.030292; 0.193647
0.030292; 0.193647
0.030305; 0.193498
0.030619; 0.189916
0.030619; 0.189916
Tool1; Square0
Square0.000026
x; z;
0.030292; 0.193647
0.030292; 0.193647
0.029984; 0.195684
0.029806; 0.196719
0.029623; 0.197779
0.028505; 0.197265
0.027387; 0.196844
0.025829; 0.196396
0.024328; 0.195787
0.022843; 0.194932
0.021916; 0.193476
0.021916; 0.193476
0.021943; 0.193991
0.022068; 0.196373
0.022130; 0.197564
0.022362; 0.198747
0.023407; 0.199705
0.024148; 0.199847
0.026033; 0.199847
0.027917; 0.199847
0.029303; 0.199289
0.029917; 0.197943
0.030068; 0.196213
0.030068; 0.196213
Tool2; Square2
Square- 0.000404
x; z;
0.000000; 0.117680
0.000000; 0.117680
0.006804; 0.117681
0.010450; 0.117677
0.014200; 0.117834
0.016127; 0.118076
0.018102; 0.118886
0.018387; 0.120602
0.018387; 0.120602
0.018306; 0.118268
0.018173; 0.114460
0.018040; 0.110652
0.017922; 0.107272
0.017803; 0.103891
0.017686; 0.100511
0.017626; 0.098821
0.017567; 0.097130
0.017227; 0.096082
0.016382; 0.095373
0.015307; 0.095200
0.013695; 0.095200
0.012083; 0.095200
0.007988; 0.095200
0.003892; 0.095200
0.000000; 0.095200
0.000000; 0.095200
Tool2; Square0
Square- 0.000001
x; z;
0.036075; 0.133916
0.036075; 0.133916
0.035202; 0.134707
0.036150; 0.135697
0.036151; 0.135697
0.036149; 0.135673
0.036149; 0.135673
