Tool1; Square1
Square0.000000
x; z;
0.030186; 0.189966
0.030186; 0.189966
0.030069; 0.190993
0.029929; 0.192018
0.029754; 0.193055
0.029526; 0.194137
0.029438; 0.194097
0.029917; 0.193046
0.030068; 0.191316
0.030068; 0.191316
Tool1; Square0
Square0.000016
x; z;
0.029526; 0.194137
0.029526; 0.194137
0.028407; 0.193630
0.027289; 0.193212
0.025727; 0.192759
0.024226; 0.192146
0.022740; 0.191267
0.021976; 0.189722
0.021976; 0.189722
0.022068; 0.191476
0.022130; 0.192667
0.022362; 0.193850
0.023407; 0.194808
0.024148; 0.194950
0.026033; 0.194950
0.027917; 0.194950
0.029303; 0.194392
0.029303; 0.194392
Tool2; Square2
Square- 0.000391
x; z;
0.000000; 0.116987
0.000000; 0.116987
0.006805; 0.116990
0.010452; 0.116990
0.014203; 0.117153
0.016137; 0.117394
0.018126; 0.118221
0.018365; 0.119969
0.018365; 0.119969
0.018306; 0.118268
0.018173; 0.114460
0.018040; 0.110652
0.017922; 0.107272
0.017803; 0.103891
0.017686; 0.100511
0.017626; 0.098821
0.017567; 0.097130
0.017227; 0.096082
0.016382; 0.095373
0.015307; 0.095200
0.013695; 0.095200
0.012083; 0.095200
0.007988; 0.095200
0.003892; 0.095200
0.000000; 0.095200
0.000000; 0.095200
Tool2; Square0
Square- 0.000001
x; z;
0.036075; 0.133924
0.036075; 0.133924
0.035227; 0.134706
0.036148; 0.135659
0.036148; 0.135659
0.036148; 0.135659
