Tool1; Square2
Square0.000000
x; z;
0.030156; 0.188979
0.030156; 0.188979
0.030054; 0.190009
0.029916; 0.191035
0.029772; 0.192075
0.029177; 0.193174
0.029157; 0.193123
0.029303; 0.193064
0.029917; 0.191719
0.030068; 0.189988
0.030068; 0.189988
Tool1; Square0
Square0.000013
x; z;
0.029177; 0.193174
0.029177; 0.193174
0.028398; 0.192662
0.027260; 0.192244
0.025697; 0.191791
0.024196; 0.191179
0.022708; 0.190296
0.021993; 0.188724
0.021993; 0.188724
0.022068; 0.190149
0.022130; 0.191340
0.022362; 0.192522
0.023407; 0.193480
0.024148; 0.193622
0.026033; 0.193622
0.027917; 0.193622
0.027917; 0.193622
Tool2; Square2
Square- 0.000386
x; z;
0.000000; 0.116691
0.000000; 0.116691
0.006805; 0.116694
0.010452; 0.116694
0.014204; 0.116858
0.016140; 0.117098
0.018135; 0.117932
0.018355; 0.119693
0.018355; 0.119693
0.018306; 0.118268
0.018173; 0.114460
0.018040; 0.110652
0.017922; 0.107272
0.017803; 0.103891
0.017686; 0.100511
0.017626; 0.098821
0.017567; 0.097130
0.017227; 0.096082
0.016382; 0.095373
0.015307; 0.095200
0.013695; 0.095200
0.012083; 0.095200
0.007988; 0.095200
0.003892; 0.095200
0.000000; 0.095200
0.000000; 0.095200
Tool2; Square0
Square- 0.000001
x; z;
0.036076; 0.133927
0.036076; 0.133927
0.035237; 0.134705
0.036148; 0.135645
0.036148; 0.135645
0.036148; 0.135645
