Tool1; Square2
Square0.000000
x; z;
0.030147; 0.188640
0.030147; 0.188640
0.030048; 0.189672
0.029910; 0.190697
0.029780; 0.191737
0.028998; 0.192862
0.028958; 0.192762
0.029303; 0.192623
0.029917; 0.191277
0.030068; 0.189546
0.030068; 0.189546
Tool1; Square0
Square0.000012
x; z;
0.028998; 0.192862
0.028998; 0.192862
0.028375; 0.192333
0.027252; 0.191910
0.025688; 0.191457
0.024187; 0.190846
0.022698; 0.189962
0.021999; 0.188382
0.021999; 0.188382
0.022068; 0.189707
0.022130; 0.190898
0.022362; 0.192080
0.023407; 0.193038
0.024148; 0.193181
0.026033; 0.193181
0.027917; 0.193181
0.027917; 0.193181
Tool2; Square2
Square- 0.000384
x; z;
0.000000; 0.116572
0.000000; 0.116572
0.006805; 0.116575
0.010452; 0.116576
0.014204; 0.116741
0.016141; 0.116981
0.018137; 0.117817
0.018351; 0.119582
0.018351; 0.119582
0.018306; 0.118268
0.018173; 0.114460
0.018040; 0.110652
0.017922; 0.107272
0.017803; 0.103891
0.017686; 0.100511
0.017626; 0.098821
0.017567; 0.097130
0.017227; 0.096082
0.016382; 0.095373
0.015307; 0.095200
0.013695; 0.095200
0.012083; 0.095200
0.007988; 0.095200
0.003892; 0.095200
0.000000; 0.095200
0.000000; 0.095200
Tool2; Square0
Square- 0.000001
x; z;
0.036076; 0.133928
0.036076; 0.133928
0.035239; 0.134705
0.036148; 0.135642
0.036148; 0.135642
0.036148; 0.135642
