Tool1; Square2
Square0.000000
x; z;
0.030140; 0.188346
0.030140; 0.188346
0.029907; 0.190404
0.029791; 0.191444
0.028909; 0.192536
0.028862; 0.192420
0.029303; 0.192242
0.029917; 0.190896
0.030068; 0.189166
0.030068; 0.189166
Tool1; Square0
Square0.000011
x; z;
0.028909; 0.192536
0.028909; 0.192536
0.028327; 0.192062
0.027244; 0.191622
0.025680; 0.191168
0.024179; 0.190558
0.022689; 0.189673
0.022003; 0.188086
0.022003; 0.188086
0.022068; 0.189326
0.022130; 0.190517
0.022362; 0.191700
0.023407; 0.192658
0.024148; 0.192800
0.026033; 0.192800
0.027917; 0.192800
0.027917; 0.192800
Tool2; Square2
Square- 0.000382
x; z;
0.000000; 0.116458
0.000000; 0.116458
0.006805; 0.116463
0.010452; 0.116464
0.014205; 0.116630
0.016142; 0.116871
0.018139; 0.117709
0.018348; 0.119477
0.018348; 0.119477
0.018306; 0.118268
0.018173; 0.114460
0.018040; 0.110652
0.017922; 0.107272
0.017803; 0.103891
0.017686; 0.100511
0.017626; 0.098821
0.017567; 0.097130
0.017227; 0.096082
0.016382; 0.095373
0.015307; 0.095200
0.013695; 0.095200
0.012083; 0.095200
0.007988; 0.095200
0.003892; 0.095200
0.000000; 0.095200
0.000000; 0.095200
Tool2; Square0
Square- 0.000001
x; z;
0.036076; 0.133929
0.036076; 0.133929
0.035241; 0.134705
0.036148; 0.135638
0.036147; 0.135638
0.036147; 0.135638
