Tool1; Square2
Square0.000000
x; z;
0.030120; 0.187589
0.030120; 0.187589
0.029903; 0.189648
0.029737; 0.190651
0.029609; 0.190593
0.029917; 0.189916
0.030068; 0.188186
0.030068; 0.188186
Tool1; Square0
Square0.000010
x; z;
0.028693; 0.191664
0.028693; 0.191664
0.028183; 0.191381
0.027229; 0.190886
0.025660; 0.190430
0.024158; 0.189820
0.022663; 0.188934
0.022015; 0.187328
0.022015; 0.187328
0.022068; 0.188346
0.022130; 0.189537
0.022362; 0.190720
0.023407; 0.191678
0.024148; 0.191820
0.026033; 0.191820
0.027917; 0.191820
0.027917; 0.191820
Tool2; Square2
Square- 0.000376
x; z;
0.000000; 0.116133
0.000000; 0.116133
0.006806; 0.116141
0.010454; 0.116145
0.014207; 0.116315
0.016146; 0.116557
0.018149; 0.117401
0.018338; 0.119185
0.018338; 0.119185
0.018306; 0.118268
0.018173; 0.114460
0.018040; 0.110652
0.017922; 0.107272
0.017803; 0.103891
0.017686; 0.100511
0.017626; 0.098821
0.017567; 0.097130
0.017227; 0.096082
0.016382; 0.095373
0.015307; 0.095200
0.013695; 0.095200
0.012083; 0.095200
0.007988; 0.095200
0.003892; 0.095200
0.000000; 0.095200
0.000000; 0.095200
Tool2; Square0
Square- 0.000001
x; z;
0.036076; 0.133932
0.036076; 0.133932
0.035251; 0.134705
0.036147; 0.135623
0.036147; 0.135623
0.036147; 0.135623
