Tool1; Square2
Square0.000000
x; z;
0.030102; 0.186727
0.030102; 0.186727
0.029897; 0.188788
0.029617; 0.189809
0.029503; 0.189757
0.029917; 0.188851
0.030068; 0.187121
0.030068; 0.187121
Tool1; Square3
Square0.000000
x; z;
0.029617; 0.189809
0.029617; 0.189809
0.029004; 0.190246
0.028400; 0.190695
0.028354; 0.190579
0.029303; 0.190197
0.029303; 0.190197
Tool1; Square0
Square0.000008
x; z;
0.028400; 0.190695
0.028400; 0.190695
0.027889; 0.190656
0.027210; 0.190037
0.025635; 0.189576
0.024134; 0.188969
0.022637; 0.188082
0.022025; 0.186459
0.022025; 0.186459
0.022068; 0.187281
0.022130; 0.188472
0.022362; 0.189655
0.023407; 0.190613
0.024148; 0.190755
0.026033; 0.190755
0.027917; 0.190755
0.027917; 0.190755
Tool2; Square2
Square- 0.000369
x; z;
0.000000; 0.115719
0.000000; 0.115719
0.006808; 0.115733
0.010456; 0.115740
0.014209; 0.115915
0.016149; 0.116161
0.018155; 0.117012
0.018324; 0.118807
0.018324; 0.118807
0.018306; 0.118268
0.018173; 0.114460
0.018040; 0.110652
0.017922; 0.107272
0.017803; 0.103891
0.017686; 0.100511
0.017626; 0.098821
0.017567; 0.097130
0.017227; 0.096082
0.016382; 0.095373
0.015307; 0.095200
0.013695; 0.095200
0.012083; 0.095200
0.007988; 0.095200
0.003892; 0.095200
0.000000; 0.095200
0.000000; 0.095200
Tool2; Square0
Square- 0.000001
x; z;
0.036076; 0.133933
0.036076; 0.133933
0.035257; 0.134705
0.036146; 0.135614
0.036146; 0.135614
0.036146; 0.135614
