Tool1; Square3
Square0.000000
x; z;
0.030096; 0.186373
0.030096; 0.186373
0.029891; 0.188433
0.029571; 0.189446
0.029469; 0.189400
0.029917; 0.188419
0.030068; 0.186688
0.030068; 0.186688
Tool1; Square4
Square0.000000
x; z;
0.029571; 0.189446
0.029571; 0.189446
0.028988; 0.189921
0.028317; 0.190281
0.028276; 0.190179
0.029303; 0.189765
0.029303; 0.189765
Tool1; Square0
Square0.000008
x; z;
0.028317; 0.190281
0.028317; 0.190281
0.027193; 0.189687
0.025627; 0.189221
0.024128; 0.188615
0.022631; 0.187729
0.022029; 0.186102
0.022029; 0.186102
0.022068; 0.186849
0.022130; 0.188040
0.022362; 0.189222
0.023407; 0.190180
0.024148; 0.190323
0.026033; 0.190323
0.027917; 0.190323
0.027917; 0.190323
Tool2; Square2
Square- 0.000365
x; z;
0.000000; 0.115525
0.000000; 0.115525
0.006809; 0.115542
0.010456; 0.115552
0.014210; 0.115730
0.016149; 0.115978
0.018152; 0.116830
0.018318; 0.118628
0.018318; 0.118628
0.018306; 0.118268
0.018173; 0.114460
0.018040; 0.110652
0.017922; 0.107272
0.017803; 0.103891
0.017686; 0.100511
0.017626; 0.098821
0.017567; 0.097130
0.017227; 0.096082
0.016382; 0.095373
0.015307; 0.095200
0.013695; 0.095200
0.012083; 0.095200
0.007988; 0.095200
0.003892; 0.095200
0.000000; 0.095200
0.000000; 0.095200
Tool2; Square0
Square- 0.000001
x; z;
0.036076; 0.133933
0.036076; 0.133933
0.035255; 0.134705
0.036147; 0.135616
0.036146; 0.135616
0.036146; 0.135616
