Tool1; Square3
Square0.000000
x; z;
0.030090; 0.186049
0.030090; 0.186049
0.029893; 0.188108
0.029536; 0.189111
0.029445; 0.189070
0.029917; 0.188035
0.030068; 0.186305
0.030068; 0.186305
Tool1; Square4
Square0.000000
x; z;
0.029536; 0.189111
0.029536; 0.189111
0.028983; 0.189623
0.028239; 0.189911
0.028204; 0.189824
0.029303; 0.189381
0.029303; 0.189381
Tool1; Square0
Square0.000007
x; z;
0.028239; 0.189911
0.028239; 0.189911
0.027163; 0.189381
0.025618; 0.188901
0.024121; 0.188297
0.022624; 0.187410
0.022032; 0.185778
0.022032; 0.185778
0.022068; 0.186465
0.022130; 0.187656
0.022362; 0.188838
0.023407; 0.189796
0.024148; 0.189939
0.026033; 0.189939
0.027917; 0.189939
0.027917; 0.189939
Tool2; Square2
Square- 0.000362
x; z;
0.000000; 0.115329
0.000000; 0.115329
0.006810; 0.115349
0.010457; 0.115362
0.014211; 0.115543
0.016150; 0.115794
0.018153; 0.116649
0.018312; 0.118450
0.018312; 0.118450
0.018306; 0.118268
0.018173; 0.114460
0.018040; 0.110652
0.017922; 0.107272
0.017803; 0.103891
0.017686; 0.100511
0.017626; 0.098821
0.017567; 0.097130
0.017227; 0.096082
0.016382; 0.095373
0.015307; 0.095200
0.013695; 0.095200
0.012083; 0.095200
0.007988; 0.095200
0.003892; 0.095200
0.000000; 0.095200
0.000000; 0.095200
Tool2; Square0
Square- 0.000001
x; z;
0.036076; 0.133933
0.036076; 0.133933
0.035256; 0.134705
0.036146; 0.135613
0.036146; 0.135613
0.036146; 0.135613
