Tool1; Square3
Square0.000000
x; z;
0.030087; 0.185843
0.030087; 0.185843
0.029889; 0.187899
0.029515; 0.188897
0.029431; 0.188859
0.029917; 0.187793
0.030068; 0.186063
0.030068; 0.186063
Tool1; Square0
Square0.000007
x; z;
0.028202; 0.189675
0.028202; 0.189675
0.027143; 0.189182
0.025616; 0.188691
0.024120; 0.188088
0.022624; 0.187202
0.022034; 0.185570
0.022034; 0.185570
0.022068; 0.186223
0.022130; 0.187414
0.022362; 0.188596
0.023407; 0.189554
0.024148; 0.189697
0.026033; 0.189697
0.027917; 0.189697
0.027917; 0.189697
Tool2; Square2
Square- 0.000359
x; z;
0.000000; 0.115201
0.000000; 0.115201
0.006810; 0.115222
0.010458; 0.115237
0.014211; 0.115421
0.016149; 0.115673
0.018149; 0.116529
0.018308; 0.118329
0.018308; 0.118329
0.018306; 0.118268
0.018173; 0.114460
0.018040; 0.110652
0.017922; 0.107272
0.017803; 0.103891
0.017686; 0.100511
0.017626; 0.098821
0.017567; 0.097130
0.017227; 0.096082
0.016382; 0.095373
0.015307; 0.095200
0.013695; 0.095200
0.012083; 0.095200
0.007988; 0.095200
0.003892; 0.095200
0.000000; 0.095200
0.000000; 0.095200
Tool2; Square0
Square- 0.000001
x; z;
0.036076; 0.133932
0.036076; 0.133932
0.035252; 0.134705
0.036147; 0.135618
0.036147; 0.135618
0.036147; 0.135618
