Tool1; Square0
Square0.000002
x; z;
0.026449; 0.180601
0.026449; 0.180601
0.025118; 0.180329
0.023793; 0.179656
0.022354; 0.178661
0.022104; 0.177811
0.022104; 0.177811
0.022130; 0.178318
0.022362; 0.179500
0.023407; 0.180458
0.024148; 0.180601
0.026033; 0.180601
0.026033; 0.180601
Tool2; Square2
Square- 0.000218
x; z;
0.000000; 0.107251
0.000000; 0.107251
0.006768; 0.107332
0.010380; 0.107416
0.014107; 0.107678
0.016040; 0.107985
0.017979; 0.108909
0.017979; 0.108909
0.017922; 0.107272
0.017803; 0.103891
0.017686; 0.100511
0.017626; 0.098821
0.017567; 0.097130
0.017227; 0.096082
0.016382; 0.095373
0.015307; 0.095200
0.013695; 0.095200
0.012083; 0.095200
0.007988; 0.095200
0.003892; 0.095200
0.000000; 0.095200
0.000000; 0.095200
Tool2; Square0
Square- 0.000000
x; z;
0.036077; 0.133967
0.036077; 0.133967
0.035373; 0.134700
0.036133; 0.135294
0.036133; 0.135294
0.036133; 0.135294
