Tool1; Square0
Square0.000003
x; z;
0.026444; 0.180322
0.026444; 0.180322
0.025114; 0.180046
0.023793; 0.179374
0.022359; 0.178380
0.022104; 0.177535
0.022104; 0.177535
0.022130; 0.178039
0.022362; 0.179221
0.023407; 0.180179
0.024148; 0.180322
0.026033; 0.180322
0.026033; 0.180322
Tool2; Square2
Square- 0.000212
x; z;
0.000000; 0.106949
0.000000; 0.106949
0.006766; 0.107034
0.010376; 0.107121
0.014099; 0.107387
0.016028; 0.107694
0.017969; 0.108622
0.017969; 0.108622
0.017922; 0.107272
0.017803; 0.103891
0.017686; 0.100511
0.017626; 0.098821
0.017567; 0.097130
0.017227; 0.096082
0.016382; 0.095373
0.015307; 0.095200
0.013695; 0.095200
0.012083; 0.095200
0.007988; 0.095200
0.003892; 0.095200
0.000000; 0.095200
0.000000; 0.095200
Tool2; Square0
Square- 0.000001
x; z;
0.036077; 0.133963
0.036077; 0.133963
0.035361; 0.134700
0.036134; 0.135305
0.036133; 0.135305
0.036133; 0.135305
