Tool1; Square0
Square0.000002
x; z;
0.026437; 0.180029
0.026437; 0.180029
0.025099; 0.179779
0.023777; 0.179104
0.022342; 0.178106
0.022104; 0.177250
0.022104; 0.177250
0.022130; 0.177746
0.022362; 0.178928
0.023407; 0.179886
0.024148; 0.180029
0.026033; 0.180029
0.026033; 0.180029
Tool2; Square2
Square- 0.000206
x; z;
0.000000; 0.106598
0.000000; 0.106598
0.006765; 0.106685
0.010372; 0.106776
0.014095; 0.107045
0.016026; 0.107355
0.017957; 0.108282
0.017957; 0.108282
0.017922; 0.107272
0.017803; 0.103891
0.017686; 0.100511
0.017626; 0.098821
0.017567; 0.097130
0.017227; 0.096082
0.016382; 0.095373
0.015307; 0.095200
0.013695; 0.095200
0.012083; 0.095200
0.007988; 0.095200
0.003892; 0.095200
0.000000; 0.095200
0.000000; 0.095200
Tool2; Square0
Square- 0.000000
x; z;
0.036077; 0.133970
0.036077; 0.133970
0.035380; 0.134699
0.036132; 0.135271
0.036132; 0.135271
0.036132; 0.135271
