Tool1; Square0
Square0.000002
x; z;
0.026425; 0.179366
0.026425; 0.179366
0.025081; 0.179143
0.023760; 0.178466
0.022327; 0.177462
0.022105; 0.176597
0.022105; 0.176597
0.022130; 0.177083
0.022362; 0.178265
0.023407; 0.179223
0.024148; 0.179366
0.026033; 0.179366
0.026033; 0.179366
Tool2; Square2
Square- 0.000193
x; z;
0.000000; 0.105833
0.000000; 0.105833
0.006759; 0.105925
0.010363; 0.106022
0.014081; 0.106299
0.016011; 0.106613
0.017931; 0.107542
0.017931; 0.107542
0.017922; 0.107272
0.017803; 0.103891
0.017686; 0.100511
0.017626; 0.098821
0.017567; 0.097130
0.017227; 0.096082
0.016382; 0.095373
0.015307; 0.095200
0.013695; 0.095200
0.012083; 0.095200
0.007988; 0.095200
0.003892; 0.095200
0.000000; 0.095200
0.000000; 0.095200
Tool2; Square0
Square- 0.000000
x; z;
0.036078; 0.133976
0.036078; 0.133976
0.035395; 0.134699
0.036131; 0.135235
0.036130; 0.135235
0.036130; 0.135235
