Tool1; Square0
Square0.000002
x; z;
0.026416; 0.178728
0.026416; 0.178728
0.025066; 0.178524
0.023746; 0.177847
0.022996; 0.177391
0.022317; 0.176839
0.022105; 0.175967
0.022105; 0.175967
0.022130; 0.176446
0.022362; 0.177628
0.023407; 0.178586
0.024148; 0.178728
0.026033; 0.178728
0.026033; 0.178728
Tool2; Square2
Square- 0.000179
x; z;
0.000000; 0.105080
0.000000; 0.105080
0.006756; 0.105179
0.010355; 0.105284
0.014070; 0.105569
0.015998; 0.105888
0.017906; 0.106820
0.017906; 0.106820
0.017803; 0.103891
0.017686; 0.100511
0.017626; 0.098821
0.017567; 0.097130
0.017227; 0.096082
0.016382; 0.095373
0.015307; 0.095200
0.013695; 0.095200
0.012083; 0.095200
0.007988; 0.095200
0.003892; 0.095200
0.000000; 0.095200
0.000000; 0.095200
Tool2; Square0
Square- 0.000000
x; z;
0.036078; 0.133980
0.036078; 0.133980
0.035404; 0.134698
0.036130; 0.135208
0.036129; 0.135208
0.036129; 0.135208
