Tool1; Square0
Square0.000002
x; z;
0.026406; 0.178063
0.026406; 0.178063
0.025051; 0.177881
0.023728; 0.177205
0.022300; 0.176190
0.022106; 0.175310
0.022106; 0.175310
0.022130; 0.175780
0.022362; 0.176962
0.023407; 0.177920
0.024148; 0.178063
0.026033; 0.178063
0.026033; 0.178063
Tool2; Square2
Square- 0.000165
x; z;
0.000000; 0.104277
0.000000; 0.104277
0.006754; 0.104383
0.010348; 0.104497
0.014060; 0.104791
0.015987; 0.105114
0.017879; 0.106050
0.017879; 0.106050
0.017803; 0.103891
0.017686; 0.100511
0.017626; 0.098821
0.017567; 0.097130
0.017227; 0.096082
0.016382; 0.095373
0.015307; 0.095200
0.013695; 0.095200
0.012083; 0.095200
0.007988; 0.095200
0.003892; 0.095200
0.000000; 0.095200
0.000000; 0.095200
Tool2; Square0
Square- 0.000000
x; z;
0.036078; 0.133987
0.036078; 0.133987
0.035419; 0.134698
0.036128; 0.135175
0.036128; 0.135175
0.036128; 0.135175
