Tool1; Square0
Square0.000002
x; z;
0.026398; 0.177395
0.026398; 0.177395
0.025037; 0.177236
0.023711; 0.176560
0.022961; 0.176101
0.022285; 0.175540
0.022106; 0.174649
0.022106; 0.174649
0.022130; 0.175112
0.022362; 0.176294
0.023407; 0.177253
0.024148; 0.177395
0.026033; 0.177395
0.026033; 0.177395
Tool2; Square2
Square- 0.000151
x; z;
0.000000; 0.103464
0.000000; 0.103464
0.006751; 0.103576
0.010341; 0.103697
0.014049; 0.104000
0.015976; 0.104328
0.017851; 0.105267
0.017852; 0.105267
0.017803; 0.103891
0.017686; 0.100511
0.017626; 0.098821
0.017567; 0.097130
0.017227; 0.096082
0.016382; 0.095373
0.015307; 0.095200
0.013695; 0.095200
0.012083; 0.095200
0.007988; 0.095200
0.003892; 0.095200
0.000000; 0.095200
0.000000; 0.095200
Tool2; Square0
Square- 0.000000
x; z;
0.036079; 0.133995
0.036079; 0.133995
0.035434; 0.134697
0.036127; 0.135138
0.036126; 0.135138
0.036126; 0.135138
