Tool1; Square0
Square0.000002
x; z;
0.026391; 0.176793
0.026391; 0.176793
0.025024; 0.176655
0.023696; 0.175980
0.022947; 0.175518
0.022268; 0.174952
0.022060; 0.173165
0.022060; 0.173165
0.022068; 0.173319
0.022130; 0.174510
0.022362; 0.175692
0.023407; 0.176650
0.024148; 0.176793
0.026033; 0.176793
0.026033; 0.176793
Tool2; Square2
Square- 0.000138
x; z;
0.000000; 0.102706
0.000000; 0.102706
0.006748; 0.102824
0.010334; 0.102952
0.014039; 0.103262
0.015966; 0.103595
0.017826; 0.104537
0.017826; 0.104537
0.017803; 0.103891
0.017686; 0.100511
0.017626; 0.098821
0.017567; 0.097130
0.017227; 0.096082
0.016382; 0.095373
0.015307; 0.095200
0.013695; 0.095200
0.012083; 0.095200
0.007988; 0.095200
0.003892; 0.095200
0.000000; 0.095200
0.000000; 0.095200
Tool2; Square0
Square- 0.000000
x; z;
0.036079; 0.134005
0.036079; 0.134005
0.035450; 0.134696
0.036125; 0.135111
0.036125; 0.135111
0.036125; 0.135111
