Tool1; Square0
Square0.000002
x; z;
0.026379; 0.175783
0.026379; 0.175783
0.025005; 0.175678
0.023672; 0.175002
0.022924; 0.174536
0.022239; 0.173959
0.022121; 0.173063
0.022060; 0.172163
0.022060; 0.172163
0.022068; 0.172309
0.022130; 0.173500
0.022362; 0.174683
0.023407; 0.175641
0.024148; 0.175783
0.026033; 0.175783
0.026033; 0.175783
Tool2; Square2
Square- 0.000115
x; z;
0.000000; 0.101426
0.000000; 0.101426
0.006744; 0.101550
0.010323; 0.101691
0.014023; 0.102014
0.015948; 0.102355
0.017783; 0.103302
0.017783; 0.103302
0.017686; 0.100511
0.017626; 0.098821
0.017567; 0.097130
0.017227; 0.096082
0.016382; 0.095373
0.015307; 0.095200
0.013695; 0.095200
0.012083; 0.095200
0.007988; 0.095200
0.003892; 0.095200
0.000000; 0.095200
0.000000; 0.095200
Tool2; Square3
Square- 0.000000
x; z;
0.018312; 0.118464
0.018312; 0.118464
0.018434; 0.122558
0.018530; 0.124462
0.018672; 0.124445
0.018460; 0.122690
0.018460; 0.122690
Tool2; Square4
Square- 0.000000
x; z;
0.036080; 0.134022
0.036080; 0.134022
0.035471; 0.134696
0.036124; 0.135072
0.036124; 0.135072
0.036124; 0.135072
Tool2; Square0
Square- 0.000005
x; z;
0.059466; 0.138599
0.059466; 0.138599
0.060820; 0.139816
0.061424; 0.140641
0.061908; 0.141541
0.062446; 0.142959
0.062764; 0.144427
0.062854; 0.145355
0.062854; 0.145355
0.062769; 0.143732
0.062660; 0.141649
0.062558; 0.140181
0.061651; 0.138897
0.060603; 0.138599
0.060603; 0.138599
