Tool1; Square0
Square0.000002
x; z;
0.026378; 0.175754
0.026378; 0.175754
0.025004; 0.175651
0.023670; 0.174975
0.022922; 0.174509
0.022237; 0.173931
0.022118; 0.173035
0.022060; 0.172134
0.022060; 0.172134
0.022068; 0.172280
0.022130; 0.173471
0.022362; 0.174653
0.023407; 0.175611
0.024148; 0.175754
0.026033; 0.175754
0.026033; 0.175754
Tool2; Square4
Square- 0.000114
x; z;
0.000000; 0.101383
0.000000; 0.101383
0.003372; 0.101422
0.006744; 0.101507
0.010323; 0.101647
0.014023; 0.101971
0.015948; 0.102312
0.017781; 0.103259
0.017781; 0.103259
0.017686; 0.100511
0.017626; 0.098821
0.017567; 0.097130
0.017227; 0.096082
0.016382; 0.095373
0.015307; 0.095200
0.013695; 0.095200
0.012083; 0.095200
0.007988; 0.095200
0.003892; 0.095200
0.000000; 0.095200
0.000000; 0.095200
Tool2; Square5
Square- 0.000000
x; z;
0.018311; 0.118426
0.018311; 0.118426
0.018434; 0.122520
0.018536; 0.124424
0.018667; 0.124408
0.018460; 0.122690
0.018460; 0.122690
Tool2; Square6
Square- 0.000000
x; z;
0.036080; 0.134024
0.036080; 0.134024
0.035473; 0.134695
0.036124; 0.135069
0.036124; 0.135069
0.036124; 0.135069
Tool2; Square0
Square- 0.000004
x; z;
0.059510; 0.138599
0.059510; 0.138599
0.060300; 0.139073
0.060866; 0.139800
0.061469; 0.140623
0.061953; 0.141521
0.062494; 0.142933
0.062804; 0.144393
0.062804; 0.144393
0.062769; 0.143732
0.062660; 0.141649
0.062558; 0.140181
0.061651; 0.138897
0.060603; 0.138599
0.060603; 0.138599
