Tool1; Square0
Square0.000002
x; z;
0.026375; 0.175631
0.026375; 0.175631
0.024998; 0.175537
0.023664; 0.174860
0.022916; 0.174392
0.022230; 0.173813
0.022109; 0.172915
0.022108; 0.172915
0.022130; 0.173348
0.022362; 0.174530
0.023407; 0.175489
0.024148; 0.175631
0.026033; 0.175631
0.026033; 0.175631
Tool2; Square4
Square- 0.000111
x; z;
0.000000; 0.101188
0.000000; 0.101188
0.006743; 0.101312
0.010321; 0.101455
0.014020; 0.101780
0.015946; 0.102122
0.017775; 0.103070
0.017775; 0.103070
0.017686; 0.100511
0.017626; 0.098821
0.017567; 0.097130
0.017227; 0.096082
0.016382; 0.095373
0.015307; 0.095200
0.013695; 0.095200
0.012083; 0.095200
0.007988; 0.095200
0.003892; 0.095200
0.000000; 0.095200
0.000000; 0.095200
Tool2; Square5
Square- 0.000000
x; z;
0.018305; 0.118251
0.018305; 0.118251
0.018431; 0.122348
0.018518; 0.124262
0.018648; 0.124246
0.018460; 0.122690
0.018306; 0.118268
0.018306; 0.118268
Tool2; Square6
Square- 0.000000
x; z;
0.036080; 0.134027
0.036080; 0.134027
0.035476; 0.134695
0.036123; 0.135062
0.036123; 0.135062
0.036123; 0.135062
Tool2; Square0
Square- 0.000003
x; z;
0.059678; 0.138599
0.059678; 0.138599
0.060482; 0.139001
0.061049; 0.139708
0.061660; 0.140506
0.062152; 0.141379
0.062717; 0.142733
0.062717; 0.142733
0.062660; 0.141649
0.062558; 0.140181
0.061651; 0.138897
0.060603; 0.138599
0.060603; 0.138599
