Tool1; Square0
Square0.000001
x; z;
0.026368; 0.175488
0.026368; 0.175488
0.024987; 0.175412
0.023651; 0.174733
0.022904; 0.174263
0.022217; 0.173681
0.022108; 0.172779
0.022108; 0.172779
0.022130; 0.173205
0.022362; 0.174387
0.023407; 0.175345
0.024148; 0.175488
0.026033; 0.175488
0.026033; 0.175488
Tool2; Square4
Square- 0.000107
x; z;
0.000000; 0.100935
0.000000; 0.100935
0.003372; 0.100974
0.006742; 0.101060
0.010320; 0.101205
0.014018; 0.101532
0.015944; 0.101876
0.017766; 0.102825
0.017766; 0.102825
0.017686; 0.100511
0.017626; 0.098821
0.017567; 0.097130
0.017227; 0.096082
0.016382; 0.095373
0.015307; 0.095200
0.013695; 0.095200
0.012083; 0.095200
0.007988; 0.095200
0.003892; 0.095200
0.000000; 0.095200
0.000000; 0.095200
Tool2; Square5
Square- 0.000000
x; z;
0.018297; 0.118029
0.018297; 0.118029
0.018430; 0.122129
0.018494; 0.124054
0.018623; 0.124039
0.018460; 0.122690
0.018306; 0.118268
0.018306; 0.118268
Tool2; Square6
Square- 0.000000
x; z;
0.036080; 0.134034
0.036080; 0.134034
0.035484; 0.134695
0.036123; 0.135049
0.036123; 0.135049
0.036123; 0.135049
Tool2; Square0
Square- 0.000002
x; z;
0.059849; 0.138599
0.059849; 0.138599
0.060685; 0.138861
0.061272; 0.139528
0.061899; 0.140245
0.062395; 0.141096
0.062704; 0.142498
0.062704; 0.142498
0.062660; 0.141649
0.062558; 0.140181
0.061651; 0.138897
0.060603; 0.138599
0.060603; 0.138599
