Tool1; Square0
Square0.000001
x; z;
0.026360; 0.175364
0.026360; 0.175364
0.024974; 0.175314
0.023636; 0.174631
0.022888; 0.174159
0.022197; 0.173571
0.022108; 0.172662
0.022108; 0.172662
0.022130; 0.173082
0.022362; 0.174264
0.023407; 0.175222
0.024148; 0.175364
0.026033; 0.175364
0.026033; 0.175364
Tool2; Square4
Square- 0.000103
x; z;
0.000000; 0.100699
0.000000; 0.100699
0.006742; 0.100824
0.010318; 0.100970
0.014016; 0.101300
0.015944; 0.101645
0.017758; 0.102593
0.017758; 0.102593
0.017686; 0.100511
0.017626; 0.098821
0.017567; 0.097130
0.017227; 0.096082
0.016382; 0.095373
0.015307; 0.095200
0.013695; 0.095200
0.012083; 0.095200
0.007988; 0.095200
0.003892; 0.095200
0.000000; 0.095200
0.000000; 0.095200
Tool2; Square5
Square- 0.000000
x; z;
0.036081; 0.134045
0.036081; 0.134045
0.035498; 0.134694
0.036122; 0.135030
0.036122; 0.135030
0.036122; 0.135030
Tool2; Square0
Square- 0.000001
x; z;
0.059986; 0.138599
0.059986; 0.138599
0.060843; 0.138702
0.061468; 0.139331
0.062102; 0.140008
0.062616; 0.140843
0.062604; 0.140844
0.062558; 0.140181
0.061651; 0.138897
0.060603; 0.138599
0.060603; 0.138599
