Tool1; Square0
Square0.000001
x; z;
0.026355; 0.175307
0.026355; 0.175307
0.024967; 0.175266
0.023628; 0.174583
0.022881; 0.174109
0.022189; 0.173520
0.022109; 0.172609
0.022109; 0.172609
0.022130; 0.173024
0.022362; 0.174206
0.023407; 0.175165
0.024148; 0.175307
0.026033; 0.175307
0.026033; 0.175307
Tool2; Square3
Square- 0.000100
x; z;
0.000000; 0.100579
0.000000; 0.100579
0.003371; 0.100617
0.006741; 0.100704
0.010317; 0.100851
0.014015; 0.101182
0.015943; 0.101529
0.017754; 0.102477
0.017754; 0.102477
0.017686; 0.100511
0.017626; 0.098821
0.017567; 0.097130
0.017227; 0.096082
0.016382; 0.095373
0.015307; 0.095200
0.013695; 0.095200
0.012083; 0.095200
0.007988; 0.095200
0.003892; 0.095200
0.000000; 0.095200
0.000000; 0.095200
Tool2; Square4
Square- 0.000000
x; z;
0.036081; 0.134047
0.036081; 0.134047
0.035500; 0.134694
0.036122; 0.135027
0.036122; 0.135027
0.036122; 0.135027
Tool2; Square0
Square- 0.000000
x; z;
0.060909; 0.138623
0.060909; 0.138623
0.061543; 0.139219
0.062168; 0.139895
0.062610; 0.140754
0.062597; 0.140755
0.062558; 0.140181
0.061651; 0.138897
0.061651; 0.138897
