Tool1; Square0
Square0.000001
x; z;
0.026339; 0.175168
0.026339; 0.175168
0.024946; 0.175157
0.023606; 0.174470
0.022860; 0.173993
0.022168; 0.173399
0.022109; 0.172484
0.022109; 0.172484
0.022130; 0.172885
0.022362; 0.174067
0.023407; 0.175025
0.024148; 0.175168
0.026033; 0.175168
0.026033; 0.175168
Tool2; Square3
Square- 0.000095
x; z;
0.000000; 0.100271
0.000000; 0.100271
0.006740; 0.100397
0.010315; 0.100547
0.014012; 0.100880
0.015940; 0.101229
0.017744; 0.102177
0.017744; 0.102177
0.017686; 0.100511
0.017626; 0.098821
0.017567; 0.097130
0.017227; 0.096082
0.016382; 0.095373
0.015307; 0.095200
0.013695; 0.095200
0.012083; 0.095200
0.007988; 0.095200
0.003892; 0.095200
0.000000; 0.095200
0.000000; 0.095200
Tool2; Square4
Square- 0.000000
x; z;
0.036081; 0.134053
0.036081; 0.134053
0.035507; 0.134694
0.036121; 0.135018
0.036121; 0.135018
0.036121; 0.135018
Tool2; Square0
Square- 0.000000
x; z;
0.061055; 0.138652
0.061055; 0.138652
0.061774; 0.139032
0.062375; 0.139675
0.062258; 0.139757
0.061651; 0.138897
0.061651; 0.138897
