Tool1; Square1
Square0.000000
x; z;
0.062943; 0.153764
0.062943; 0.153764
0.062689; 0.154215
0.062374; 0.154613
0.061771; 0.155152
0.061771; 0.155151
0.061819; 0.155151
0.062526; 0.154763
0.062741; 0.154255
0.062884; 0.153855
0.062883; 0.153855
Tool1; Square0
Square0.000001
x; z;
0.026337; 0.175155
0.026337; 0.175155
0.024943; 0.175148
0.023603; 0.174461
0.022857; 0.173983
0.022165; 0.173388
0.022109; 0.172473
0.022109; 0.172473
0.022130; 0.172872
0.022362; 0.174054
0.023407; 0.175012
0.024148; 0.175155
0.026033; 0.175155
0.026033; 0.175155
Tool2; Square3
Square- 0.000094
x; z;
0.000000; 0.100239
0.000000; 0.100239
0.003370; 0.100277
0.006740; 0.100366
0.010315; 0.100515
0.014011; 0.100849
0.015939; 0.101198
0.017743; 0.102147
0.017743; 0.102147
0.017686; 0.100511
0.017626; 0.098821
0.017567; 0.097130
0.017227; 0.096082
0.016382; 0.095373
0.015307; 0.095200
0.013695; 0.095200
0.012083; 0.095200
0.007988; 0.095200
0.003892; 0.095200
0.000000; 0.095200
0.000000; 0.095200
Tool2; Square4
Square- 0.000000
x; z;
0.036081; 0.134053
0.036081; 0.134053
0.035507; 0.134694
0.036121; 0.135018
0.036121; 0.135018
0.036121; 0.135018
Tool2; Square0
Square- 0.000000
x; z;
0.061063; 0.138653
0.061063; 0.138653
0.061788; 0.139019
0.062374; 0.139674
0.062257; 0.139756
0.061651; 0.138897
0.061651; 0.138897
