Tool1; Square2
Square0.000000
x; z;
0.062743; 0.154222
0.062743; 0.154222
0.062437; 0.154611
0.061826; 0.155130
0.061824; 0.155126
0.062526; 0.154743
0.062741; 0.154234
0.062740; 0.154234
Tool1; Square0
Square0.000001
x; z;
0.024935; 0.175134
0.024935; 0.175134
0.023594; 0.174450
0.022849; 0.173970
0.022160; 0.173375
0.022230; 0.173361
0.022362; 0.174034
0.023407; 0.174992
0.024148; 0.175134
0.024148; 0.175134
Tool2; Square3
Square- 0.000094
x; z;
0.000000; 0.100185
0.000000; 0.100185
0.006739; 0.100311
0.010314; 0.100461
0.014011; 0.100796
0.015938; 0.101145
0.017741; 0.102094
0.017741; 0.102094
0.017686; 0.100511
0.017626; 0.098821
0.017567; 0.097130
0.017227; 0.096082
0.016382; 0.095373
0.015307; 0.095200
0.013695; 0.095200
0.012083; 0.095200
0.007988; 0.095200
0.003892; 0.095200
0.000000; 0.095200
0.000000; 0.095200
Tool2; Square0
Square- 0.000000
x; z;
0.036081; 0.134054
0.036081; 0.134054
0.035508; 0.134694
0.036121; 0.135016
0.036121; 0.135016
0.036121; 0.135016
