Tool1; Square0
Square0.000001
x; z;
0.024913; 0.175098
0.024913; 0.175098
0.023569; 0.174444
0.022828; 0.173964
0.022164; 0.173366
0.022235; 0.173352
0.022362; 0.173998
0.023407; 0.174956
0.024148; 0.175098
0.024148; 0.175098
Tool2; Square2
Square- 0.000091
x; z;
0.000000; 0.100070
0.000000; 0.100070
0.003370; 0.100108
0.006739; 0.100197
0.010314; 0.100348
0.014010; 0.100684
0.015939; 0.101033
0.017737; 0.101982
0.017737; 0.101982
0.017686; 0.100511
0.017626; 0.098821
0.017567; 0.097130
0.017227; 0.096082
0.016382; 0.095373
0.015307; 0.095200
0.013695; 0.095200
0.012083; 0.095200
0.007988; 0.095200
0.003892; 0.095200
0.000000; 0.095200
0.000000; 0.095200
Tool2; Square0
Square- 0.000000
x; z;
0.036081; 0.134061
0.036081; 0.134061
0.035515; 0.134694
0.036121; 0.135008
0.036121; 0.135008
0.036121; 0.135008
