Tool1; Square0
Square0.000001
x; z;
0.024885; 0.175055
0.024885; 0.175055
0.023532; 0.174441
0.022802; 0.173959
0.022170; 0.173353
0.022241; 0.173339
0.022362; 0.173955
0.023407; 0.174913
0.024148; 0.175055
0.024148; 0.175055
Tool2; Square2
Square- 0.000089
x; z;
0.000000; 0.099924
0.000000; 0.099924
0.006738; 0.100051
0.010313; 0.100203
0.014008; 0.100540
0.015938; 0.100890
0.017732; 0.101839
0.017732; 0.101839
0.017686; 0.100511
0.017626; 0.098821
0.017567; 0.097130
0.017227; 0.096082
0.016382; 0.095373
0.015307; 0.095200
0.013695; 0.095200
0.012083; 0.095200
0.007988; 0.095200
0.003892; 0.095200
0.000000; 0.095200
0.000000; 0.095200
Tool2; Square0
Square- 0.000000
x; z;
0.036082; 0.134066
0.036082; 0.134066
0.035519; 0.134693
0.036121; 0.135002
0.036121; 0.135002
0.036121; 0.135002
