Tool1; Square0
Square0.000001
x; z;
0.024838; 0.174985
0.024838; 0.174985
0.023468; 0.174438
0.022760; 0.173952
0.022179; 0.173329
0.022250; 0.173315
0.022362; 0.173885
0.023407; 0.174843
0.024148; 0.174985
0.024148; 0.174985
Tool2; Square2
Square- 0.000085
x; z;
0.000000; 0.099680
0.000000; 0.099680
0.003369; 0.099718
0.006737; 0.099809
0.010311; 0.099962
0.014005; 0.100301
0.015934; 0.100653
0.017724; 0.101603
0.017724; 0.101603
0.017686; 0.100511
0.017626; 0.098821
0.017567; 0.097130
0.017227; 0.096082
0.016382; 0.095373
0.015307; 0.095200
0.013695; 0.095200
0.012083; 0.095200
0.007988; 0.095200
0.003892; 0.095200
0.000000; 0.095200
0.000000; 0.095200
Tool2; Square0
Square- 0.000000
x; z;
0.036082; 0.134070
0.036082; 0.134070
0.035522; 0.134693
0.036121; 0.134998
0.036121; 0.134998
0.036121; 0.134998
