Tool1; Square0
Square0.000001
x; z;
0.024790; 0.174913
0.024790; 0.174913
0.023401; 0.174438
0.022715; 0.173946
0.022188; 0.173303
0.022259; 0.173289
0.022362; 0.173813
0.023407; 0.174771
0.024148; 0.174913
0.024148; 0.174913
Tool2; Square2
Square- 0.000080
x; z;
0.000000; 0.099424
0.000000; 0.099424
0.006736; 0.099554
0.010309; 0.099708
0.012158; 0.099852
0.014001; 0.100051
0.015929; 0.100404
0.017715; 0.101356
0.017715; 0.101356
0.017686; 0.100511
0.017626; 0.098821
0.017567; 0.097130
0.017227; 0.096082
0.016382; 0.095373
0.015307; 0.095200
0.013695; 0.095200
0.012083; 0.095200
0.007988; 0.095200
0.003892; 0.095200
0.000000; 0.095200
0.000000; 0.095200
Tool2; Square0
Square- 0.000000
x; z;
0.036082; 0.134069
0.036082; 0.134069
0.035524; 0.134691
0.036121; 0.134995
0.036120; 0.134995
0.036120; 0.134995
