Tool1; Square0
Square0.000000
x; z;
0.024731; 0.174831
0.024731; 0.174831
0.023317; 0.174459
0.022648; 0.173955
0.022201; 0.173275
0.022270; 0.173262
0.022362; 0.173730
0.023407; 0.174688
0.024148; 0.174831
0.024148; 0.174831
Tool2; Square2
Square- 0.000075
x; z;
0.000000; 0.099107
0.000000; 0.099107
0.003368; 0.099146
0.006734; 0.099239
0.010308; 0.099396
0.013999; 0.099742
0.015927; 0.100097
0.017704; 0.101049
0.017704; 0.101049
0.017686; 0.100511
0.017626; 0.098821
0.017567; 0.097130
0.017227; 0.096082
0.016382; 0.095373
0.015307; 0.095200
0.013695; 0.095200
0.012083; 0.095200
0.007988; 0.095200
0.003892; 0.095200
0.000000; 0.095200
0.000000; 0.095200
Tool2; Square0
Square- 0.000000
x; z;
0.036082; 0.134080
0.036082; 0.134080
0.035536; 0.134683
0.036120; 0.134973
0.036119; 0.134973
0.036119; 0.134973
