Tool1; Square0
Square0.000000
x; z;
0.024682; 0.174756
0.024682; 0.174756
0.023242; 0.174476
0.022589; 0.173963
0.022214; 0.173248
0.022279; 0.173235
0.022362; 0.173655
0.023407; 0.174613
0.024148; 0.174756
0.024148; 0.174756
Tool2; Square2
Square- 0.000069
x; z;
0.000000; 0.098811
0.000000; 0.098811
0.006733; 0.098944
0.010305; 0.099103
0.012153; 0.099249
0.013995; 0.099452
0.015923; 0.099809
0.017694; 0.100762
0.017694; 0.100762
0.017686; 0.100511
0.017626; 0.098821
0.017567; 0.097130
0.017227; 0.096082
0.016382; 0.095373
0.015307; 0.095200
0.013695; 0.095200
0.012083; 0.095200
0.007988; 0.095200
0.003892; 0.095200
0.000000; 0.095200
0.000000; 0.095200
Tool2; Square0
Square- 0.000000
x; z;
0.036082; 0.134077
0.036082; 0.134077
0.035540; 0.134672
0.036119; 0.134958
0.036119; 0.134958
0.036119; 0.134958
