Tool1; Square0
Square0.000000
x; z;
0.024665; 0.174725
0.024665; 0.174725
0.023217; 0.174473
0.022574; 0.173959
0.022644; 0.173884
0.023407; 0.174583
0.024148; 0.174725
0.024148; 0.174725
Tool2; Square2
Square- 0.000067
x; z;
0.000000; 0.098697
0.000000; 0.098697
0.003366; 0.098736
0.006732; 0.098830
0.010304; 0.098990
0.013992; 0.099340
0.015918; 0.099698
0.017690; 0.100653
0.017690; 0.100653
0.017686; 0.100511
0.017626; 0.098821
0.017567; 0.097130
0.017227; 0.096082
0.016382; 0.095373
0.015307; 0.095200
0.013695; 0.095200
0.012083; 0.095200
0.007988; 0.095200
0.003892; 0.095200
0.000000; 0.095200
0.000000; 0.095200
Tool2; Square0
Square- 0.000000
x; z;
0.036081; 0.134063
0.036081; 0.134063
0.035534; 0.134667
0.036119; 0.134959
0.036119; 0.134959
0.036119; 0.134959
