Tool2; Square2
Square- 0.000066
x; z;
0.000000; 0.098595
0.000000; 0.098595
0.003366; 0.098634
0.006731; 0.098729
0.010303; 0.098889
0.012150; 0.099036
0.013991; 0.099240
0.015917; 0.099599
0.017687; 0.100555
0.017687; 0.100555
0.017686; 0.100511
0.017626; 0.098821
0.017567; 0.097130
0.017227; 0.096082
0.016382; 0.095373
0.015307; 0.095200
0.013695; 0.095200
0.012083; 0.095200
0.007988; 0.095200
0.003892; 0.095200
0.000000; 0.095200
0.000000; 0.095200
Tool2; Square0
Square- 0.000000
x; z;
0.036081; 0.134062
0.036081; 0.134062
0.035536; 0.134662
0.036119; 0.134951
0.036119; 0.134951
0.036119; 0.134951
