Tool2; Square2
Square- 0.000060
x; z;
0.000000; 0.098285
0.000000; 0.098285
0.003366; 0.098325
0.006730; 0.098421
0.010301; 0.098582
0.012147; 0.098732
0.013988; 0.098937
0.015914; 0.099298
0.017677; 0.100254
0.017677; 0.100254
0.017626; 0.098821
0.017567; 0.097130
0.017227; 0.096082
0.016382; 0.095373
0.015307; 0.095200
0.013695; 0.095200
0.012083; 0.095200
0.007988; 0.095200
0.003892; 0.095200
0.000000; 0.095200
0.000000; 0.095200
Tool2; Square0
Square- 0.000000
x; z;
0.036081; 0.134062
0.036081; 0.134062
0.035546; 0.134645
0.036118; 0.134924
0.036117; 0.134924
0.036117; 0.134924
