Tool2; Square2
Square- 0.000055
x; z;
0.000000; 0.097985
0.000000; 0.097985
0.003366; 0.098025
0.006729; 0.098122
0.010300; 0.098285
0.012145; 0.098436
0.013985; 0.098643
0.015911; 0.099005
0.017666; 0.099962
0.017666; 0.099962
0.017626; 0.098821
0.017567; 0.097130
0.017227; 0.096082
0.016382; 0.095373
0.015307; 0.095200
0.013695; 0.095200
0.012083; 0.095200
0.007988; 0.095200
0.003892; 0.095200
0.000000; 0.095200
0.000000; 0.095200
Tool2; Square0
Square- 0.000000
x; z;
0.036081; 0.134060
0.036081; 0.134060
0.035554; 0.134627
0.036116; 0.134897
0.036116; 0.134897
0.036116; 0.134897
