Tool2; Square2
Square- 0.000050
x; z;
0.000000; 0.097683
0.000000; 0.097683
0.003365; 0.097725
0.006728; 0.097821
0.010297; 0.097987
0.012142; 0.098140
0.013981; 0.098348
0.015907; 0.098712
0.017656; 0.099670
0.017656; 0.099670
0.017626; 0.098821
0.017567; 0.097130
0.017227; 0.096082
0.016382; 0.095373
0.015307; 0.095200
0.013695; 0.095200
0.012083; 0.095200
0.007988; 0.095200
0.003892; 0.095200
0.000000; 0.095200
0.000000; 0.095200
Tool2; Square0
Square- 0.000000
x; z;
0.036081; 0.134056
0.036081; 0.134056
0.035562; 0.134607
0.036115; 0.134869
0.036115; 0.134869
0.036115; 0.134869
