Tool2; Square2
Square- 0.000045
x; z;
0.000000; 0.097402
0.000000; 0.097402
0.003365; 0.097444
0.006726; 0.097542
0.010295; 0.097709
0.012139; 0.097863
0.013978; 0.098073
0.015902; 0.098438
0.017647; 0.099398
0.017647; 0.099398
0.017626; 0.098821
0.017567; 0.097130
0.017227; 0.096082
0.016382; 0.095373
0.015307; 0.095200
0.013695; 0.095200
0.012083; 0.095200
0.007988; 0.095200
0.003892; 0.095200
0.000000; 0.095200
0.000000; 0.095200
Tool2; Square0
Square- 0.000000
x; z;
0.036081; 0.134045
0.036081; 0.134045
0.035565; 0.134589
0.036114; 0.134847
0.036114; 0.134847
0.036114; 0.134847
