Tool2; Square2
Square- 0.000040
x; z;
0.000000; 0.097146
0.000000; 0.097146
0.003364; 0.097189
0.006725; 0.097287
0.010293; 0.097457
0.012137; 0.097612
0.013974; 0.097823
0.015898; 0.098190
0.017638; 0.099151
0.017638; 0.099151
0.017626; 0.098821
0.017567; 0.097130
0.017227; 0.096082
0.016382; 0.095373
0.015307; 0.095200
0.013695; 0.095200
0.012083; 0.095200
0.007988; 0.095200
0.003892; 0.095200
0.000000; 0.095200
0.000000; 0.095200
Tool2; Square0
Square- 0.000000
x; z;
0.036080; 0.134039
0.036080; 0.134039
0.035572; 0.134575
0.036113; 0.134810
0.036113; 0.134810
0.036113; 0.134810
