Tool2; Square2
Square- 0.000036
x; z;
0.000000; 0.096873
0.000000; 0.096873
0.003364; 0.096916
0.006724; 0.097016
0.010291; 0.097187
0.012134; 0.097344
0.013971; 0.097556
0.015895; 0.097925
0.017629; 0.098886
0.017629; 0.098886
0.017626; 0.098821
0.017567; 0.097130
0.017227; 0.096082
0.016382; 0.095373
0.015307; 0.095200
0.013695; 0.095200
0.012083; 0.095200
0.007988; 0.095200
0.003892; 0.095200
0.000000; 0.095200
0.000000; 0.095200
Tool2; Square0
Square- 0.000000
x; z;
0.036080; 0.134034
0.036080; 0.134034
0.035579; 0.134557
0.036112; 0.134784
0.036112; 0.134784
0.036112; 0.134784
