Tool2; Square2
Square- 0.000031
x; z;
0.000000; 0.096611
0.000000; 0.096611
0.003363; 0.096655
0.006722; 0.096755
0.010289; 0.096929
0.012130; 0.097087
0.013967; 0.097300
0.015890; 0.097670
0.017620; 0.098633
0.017620; 0.098633
0.017567; 0.097130
0.017227; 0.096082
0.016382; 0.095373
0.015307; 0.095200
0.013695; 0.095200
0.012083; 0.095200
0.007988; 0.095200
0.003892; 0.095200
0.000000; 0.095200
0.000000; 0.095200
Tool2; Square0
Square- 0.000000
x; z;
0.036080; 0.134024
0.036080; 0.134024
0.035583; 0.134541
0.036110; 0.134754
0.036110; 0.134754
0.036110; 0.134754
