Tool2; Square2
Square- 0.000027
x; z;
0.000000; 0.096366
0.000000; 0.096366
0.003363; 0.096410
0.006721; 0.096511
0.010286; 0.096687
0.012127; 0.096847
0.013962; 0.097061
0.015883; 0.097432
0.017612; 0.098398
0.017612; 0.098398
0.017567; 0.097130
0.017227; 0.096082
0.016382; 0.095373
0.015307; 0.095200
0.013695; 0.095200
0.012083; 0.095200
0.007988; 0.095200
0.003892; 0.095200
0.000000; 0.095200
0.000000; 0.095200
Tool2; Square0
Square- 0.000000
x; z;
0.036079; 0.134004
0.036079; 0.134004
0.035577; 0.134525
0.036110; 0.134740
0.036110; 0.134740
0.036110; 0.134740
