Tool2; Square2
Square- 0.000022
x; z;
0.000000; 0.096074
0.000000; 0.096074
0.003362; 0.096119
0.006720; 0.096221
0.010284; 0.096399
0.012124; 0.096560
0.013958; 0.096776
0.015879; 0.097148
0.016795; 0.097538
0.017602; 0.098115
0.017602; 0.098115
0.017567; 0.097130
0.017227; 0.096082
0.016382; 0.095373
0.015307; 0.095200
0.013695; 0.095200
0.012083; 0.095200
0.007988; 0.095200
0.003892; 0.095200
0.000000; 0.095200
0.000000; 0.095200
Tool2; Square0
Square- 0.000000
x; z;
0.036079; 0.133999
0.036079; 0.133999
0.035587; 0.134507
0.036108; 0.134692
0.036108; 0.134692
0.036108; 0.134692
