Tool2; Square2
Square- 0.000017
x; z;
0.000000; 0.095780
0.000000; 0.095780
0.003362; 0.095825
0.006718; 0.095928
0.010282; 0.096108
0.012121; 0.096271
0.013955; 0.096488
0.015874; 0.096862
0.016790; 0.097253
0.017592; 0.097829
0.017592; 0.097830
0.017567; 0.097130
0.017227; 0.096082
0.016382; 0.095373
0.015307; 0.095200
0.013695; 0.095200
0.012083; 0.095200
0.007988; 0.095200
0.003892; 0.095200
0.000000; 0.095200
0.000000; 0.095200
Tool2; Square0
Square- 0.000000
x; z;
0.036078; 0.133991
0.036078; 0.133991
0.035592; 0.134487
0.036107; 0.134661
0.036106; 0.134661
0.036106; 0.134661
