Tool1; Square0
Square0.000000
x; z;
0.065333; 0.152191
0.065333; 0.152191
0.064355; 0.152175
0.063859; 0.152190
0.063860; 0.152210
0.064195; 0.152191
0.065140; 0.152191
0.065140; 0.152190
Tool2; Square2
Square- 0.000012
x; z;
0.000000; 0.095499
0.000000; 0.095499
0.003362; 0.095545
0.006717; 0.095649
0.010279; 0.095831
0.012118; 0.095995
0.013951; 0.096214
0.015870; 0.096589
0.016786; 0.096981
0.017582; 0.097558
0.017582; 0.097558
0.017567; 0.097130
0.017227; 0.096082
0.016382; 0.095373
0.015307; 0.095200
0.013695; 0.095200
0.012083; 0.095200
0.007988; 0.095200
0.003892; 0.095200
0.000000; 0.095200
0.000000; 0.095200
Tool2; Square0
Square- 0.000000
x; z;
0.036078; 0.133984
0.036078; 0.133984
0.035599; 0.134471
0.036104; 0.134611
0.036104; 0.134611
0.036104; 0.134611
