Tool2; Square2
Square- 0.000007
x; z;
0.000000; 0.095236
0.000000; 0.095236
0.003361; 0.095283
0.006716; 0.095388
0.010278; 0.095571
0.012116; 0.095737
0.013948; 0.095957
0.015865; 0.096334
0.016781; 0.096726
0.017574; 0.097304
0.017573; 0.097304
0.017567; 0.097130
0.017227; 0.096082
0.016382; 0.095373
0.015307; 0.095200
0.013695; 0.095200
0.012083; 0.095200
0.007988; 0.095200
0.003892; 0.095200
0.000000; 0.095200
0.000000; 0.095200
Tool2; Square0
Square- 0.000000
x; z;
0.036078; 0.133977
0.036078; 0.133977
0.035606; 0.134456
0.036102; 0.134559
0.036102; 0.134559
0.036102; 0.134559
