Tool2; Square2
Square- 0.000006
x; z;
0.000000; 0.095200
0.000000; 0.095200
0.003361; 0.095233
0.006715; 0.095338
0.010277; 0.095522
0.012114; 0.095689
0.013946; 0.095909
0.015862; 0.096286
0.016777; 0.096678
0.017572; 0.097258
0.017572; 0.097258
0.017567; 0.097130
0.017227; 0.096082
0.016382; 0.095373
0.015307; 0.095200
0.013695; 0.095200
0.012083; 0.095200
0.007988; 0.095200
0.003892; 0.095200
0.003892; 0.095200
Tool2; Square0
Square- 0.000000
x; z;
0.036077; 0.133965
0.036077; 0.133965
0.035599; 0.134454
0.036102; 0.134555
0.036102; 0.134555
0.036102; 0.134555
