Tool2; Square2
Square- 0.000006
x; z;
0.003366; 0.095200
0.003366; 0.095200
0.006715; 0.095294
0.010276; 0.095478
0.012114; 0.095645
0.013945; 0.095865
0.015861; 0.096243
0.016776; 0.096635
0.017570; 0.097215
0.017570; 0.097215
0.017567; 0.097130
0.017227; 0.096082
0.016382; 0.095373
0.015307; 0.095200
0.013695; 0.095200
0.012083; 0.095200
0.007988; 0.095200
0.003892; 0.095200
0.003892; 0.095200
Tool2; Square0
Square- 0.000000
x; z;
0.036077; 0.133962
0.036077; 0.133962
0.035599; 0.134451
0.036102; 0.134550
0.036102; 0.134550
0.036102; 0.134550
