Tool2; Square2
Square- 0.000005
x; z;
0.006746; 0.095200
0.006746; 0.095200
0.010277; 0.095400
0.012114; 0.095568
0.013945; 0.095789
0.014907; 0.095952
0.015860; 0.096167
0.016774; 0.096559
0.017568; 0.097140
0.017568; 0.097140
0.017567; 0.097130
0.017227; 0.096082
0.016382; 0.095373
0.015307; 0.095200
0.013695; 0.095200
0.012083; 0.095200
0.007988; 0.095200
0.007988; 0.095200
Tool2; Square0
Square- 0.000000
x; z;
0.036077; 0.133961
0.036077; 0.133961
0.035601; 0.134447
0.036101; 0.134536
0.036101; 0.134536
0.036101; 0.134536
